
eventnum=50
-791.837894  220.511818
-783.095708  267.901163
-833.282120  297.241175
-815.133673  299.364765
-798.298150  281.772131
-796.051298  276.261267
-786.154076  274.577057
-792.255454  276.742580
-785.520478  268.190187
-789.342131  275.336273
-792.044206  275.528319
-798.918761  276.561772
-806.422580  279.752319
-803.059593  281.858607
-810.224290  283.673842
-813.541422  283.625949
-818.076875  286.571056
-828.375421  286.203611
-834.648161  295.435902
-835.238551  290.809701
-846.367604  295.241478
-855.728421  306.793648
-885.627140  306.010063
-886.090294  309.433867
-952.309850  333.921944
-928.402202  325.824903
-963.256322  346.800297
-1253.318508  410.485676

eventnum=100
0.000000  0.000000
-558.966141  -664.431450
-393.816313  -769.058553
-499.580845  -731.339751
-457.589436  -669.696834
-457.980128  -673.982728
-462.809765  -677.049676
-457.682192  -674.046692
-456.651848  -671.039317
-455.477998  -669.823160
-456.774553  -674.948696
-458.525361  -676.893240
-461.299868  -679.235268
-463.978863  -681.725465
-467.702826  -687.019039
-469.502407  -691.359198
-472.634199  -695.764615
-474.704872  -699.040372
-482.576521  -707.193256
-483.285433  -707.109875
-487.802710  -721.599476
-502.025209  -734.218412
-508.538441  -752.277901
-545.308084  -783.213749
-538.130653  -787.517660
-550.680959  -819.966165
-561.943819  -812.251571
-597.157077  -876.450313

eventnum=150
-771.553029  363.427606
-769.821822  345.865678
-765.522261  345.537263
-749.935430  335.471394
-752.904373  339.459194
-757.410326  344.482990
-758.526048  343.029144
-767.790259  346.102285
-764.987447  346.071356
-765.296035  344.458501
-770.330031  347.276098
-771.829699  347.241065
-777.872318  349.434130
-777.918216  350.983220
-789.167002  356.694530
-787.464236  355.889170
-803.254085  363.867309
-802.280675  360.106638
-803.425203  364.147238
-828.826675  373.948506
-826.701464  374.571505
-823.068499  375.223329
-858.007945  381.870467
-904.079665  400.749669
-916.113079  398.246072
-988.450903  434.247601
-919.055478  424.871780
-1426.192037  706.945689

eventnum=200
0.000000  0.000000
0.000000  0.000000
0.000000  0.000000
-1502.063193  760.080170
0.000000  0.000000
-833.091119  370.873218
-767.915411  351.413720
-739.952732  335.245712
-745.331532  341.994667
-743.135491  345.129774
-740.971069  348.276876
-744.078255  345.972065
-752.785413  345.135619
-751.105252  345.668145
-753.087053  347.084489
-758.395685  349.272106
-761.579133  351.314227
-764.919591  353.414386
-774.776992  357.729553
-775.703178  357.415260
-785.008642  361.229535
-795.040770  367.461571
-790.362210  363.942472
-824.307370  382.735703
-815.640883  374.319651
-876.635229  417.902843
-905.793280  424.777356
-915.593795  419.997099

eventnum=250
0.000000  0.000000
0.000000  0.000000
-981.647665  -996.521114
0.000000  0.000000
-730.794839  -776.386641
0.000000  0.000000
-1015.110915  -1197.275278
-634.762344  -585.801018
-641.632722  -579.895265
-633.418347  -573.448016
-638.707668  -574.206745
-641.179808  -573.351340
-640.549004  -575.300324
-638.980783  -577.468466
-642.040960  -579.133431
-643.537196  -579.565234
-648.122467  -586.478027
-653.912231  -589.617789
-661.925720  -596.970749
-662.119407  -597.326407
-663.369930  -598.759362
-680.689400  -613.246971
-687.814212  -616.769256
-692.869161  -624.394101
-732.612920  -662.595724
-729.681719  -664.024094
-773.650325  -686.821625
-752.463528  -696.466754

eventnum=300
-621.345991  609.769273
-565.894437  558.337656
-571.966994  570.115470
-571.848167  572.373119
-575.070798  571.850650
-576.353331  569.946612
-576.899768  571.896875
-577.083571  572.756328
-582.207342  578.768269
-582.544888  578.352578
-583.599204  581.924671
-585.199130  582.924606
-590.853391  586.806221
-592.900644  589.629134
-595.749340  591.352410
-604.952912  592.500823
-614.904766  609.112508
-615.260223  610.937350
-633.149399  625.430626
-630.328670  627.411261
-645.420013  635.149574
-649.475915  649.414272
-678.103708  673.964393
-721.741705  730.978626
-681.527435  685.177225
-678.905174  664.916998
-655.189202  694.212805
-743.027951  670.124642

eventnum=350
-410.973288  1729.791006
-253.078632  779.482185
-258.783806  798.666787
-264.463478  814.577550
-260.884391  815.144097
-261.009338  818.391012
-259.586528  805.039367
-256.186186  792.737947
-260.506184  803.875639
-259.021682  803.725083
-261.168950  800.470842
-261.017649  801.813090
-260.584303  806.631923
-263.004574  811.858007
-264.059082  811.879231
-266.104638  818.959027
-267.897487  825.714013
-270.118607  834.351287
-269.296139  830.079954
-272.625410  837.924139
-271.992031  842.474592
-276.164325  850.562389
-284.019720  866.748462
-298.742555  910.438967
-287.100745  878.625764
-292.887875  933.377801
-297.590271  954.215404
-329.262416  1030.605509

eventnum=400
989.843676  -79.642595
830.979096  -20.774477
873.172489  -24.629592
850.919968  -10.890311
834.684581  -23.174607
827.647357  -21.230881
829.053866  -22.921204
833.001435  -22.953014
830.828236  -25.498915
833.622316  -23.909221
835.185931  -25.268146
838.747457  -27.207159
842.968408  -25.561924
847.515508  -25.504092
854.626663  -24.936299
864.514509  -27.215456
865.121036  -24.444261
872.882092  -25.482489
876.888639  -27.215376
883.311822  -31.799248
891.959156  -27.165414
912.175430  -35.016913
933.116915  -19.844347
998.793435  -23.701937
975.365824  -22.411648
1061.872785  -27.818235
1027.180505  -37.424656
904.772823  -57.910478

eventnum=450
154.064610  -993.961033
133.888040  -1115.119452
119.413733  -896.339924
101.179947  -818.579432
101.761193  -839.227913
105.607948  -850.845038
102.888839  -844.159139
103.199777  -834.920411
104.829477  -845.196303
100.835531  -832.343672
105.038917  -839.453350
102.313920  -843.158997
103.292162  -848.094948
103.637890  -849.922120
104.214391  -851.188351
106.830846  -859.951544
106.472727  -864.344617
106.181431  -866.352283
111.043323  -870.582496
109.184173  -883.539483
109.429351  -905.334820
108.877736  -906.134743
115.909092  -956.048186
110.762663  -952.330328
118.928030  -924.080464
112.887649  -923.150688
119.425535  -1014.641042
117.616352  -935.087907

eventnum=500
1028.669845  -577.746077
0.000000  0.000000
1141.037588  -654.009349
776.480645  -476.733141
745.982329  -445.304079
728.439809  -436.331096
733.865334  -437.912819
729.463498  -433.463221
729.840741  -434.356833
735.457699  -438.231900
738.348913  -436.102276
742.125432  -442.655448
742.867690  -443.517823
746.288589  -446.727438
755.650920  -449.725121
755.537783  -452.219925
759.302816  -451.436107
763.155116  -456.431207
768.463847  -459.392906
773.866470  -461.881487
787.532410  -468.883479
799.882761  -478.969404
821.307466  -481.142574
850.904723  -509.913296
850.732801  -516.175354
867.629235  -502.917754
892.848028  -559.732104
931.790290  -565.173374

eventnum=550
43.160019  -847.432084
56.340774  -855.592244
65.241252  -822.867938
66.544504  -821.392591
67.852168  -818.960678
68.102073  -821.378089
68.313174  -824.112610
66.786072  -825.074426
69.999388  -832.134404
66.595412  -831.381845
68.686422  -834.186346
70.741862  -834.881935
67.696515  -842.144206
69.557501  -847.577399
70.719922  -850.513655
68.331530  -861.182510
68.475712  -860.732233
70.244018  -868.593656
74.235163  -878.795080
70.525808  -889.345543
69.560030  -905.047511
76.086201  -909.308156
73.027852  -939.354916
76.767382  -954.256340
76.668968  -976.653196
76.127487  -1033.656582
56.218994  -1152.923949
83.564240  -1020.126371

eventnum=600
-394.089988  883.716942
-323.974405  755.508876
-348.521067  748.295233
-358.317522  777.382825
-362.790747  778.009070
-365.259237  764.059696
-355.554207  758.082032
-357.858499  755.305308
-358.184470  756.488428
-355.021094  757.501706
-356.651379  758.225202
-357.798047  763.665928
-356.919417  763.149182
-361.518776  770.428540
-365.587895  773.076303
-365.018500  774.712364
-366.058929  777.663003
-368.224993  786.542000
-369.263438  791.154237
-371.755419  796.021124
-373.989469  796.294618
-388.233219  813.997311
-389.305509  812.967844
-385.686205  828.558638
-408.045247  873.321492
-409.566524  867.870274
-419.387866  890.023327
-390.343561  846.297921

eventnum=650
602.053278  602.053278
764.415177  847.805924
663.253974  708.013479
595.250694  682.903180
592.894919  672.441995
568.235136  628.573388
567.143597  634.124956
570.517851  634.290338
569.263017  637.637679
571.773854  642.197983
573.461705  638.542920
577.069284  642.175217
577.441111  644.291038
579.315415  646.714225
582.685983  647.673600
586.410088  657.954173
590.868024  660.885651
592.709467  664.051390
596.616501  666.446965
605.190738  681.400938
618.400806  690.588909
632.867127  709.225975
643.098209  713.482279
637.479935  707.555124
678.092951  771.758149
668.254627  770.220549
661.191425  742.858959
739.068461  833.022458

eventnum=700
0.000000  0.000000
0.000000  0.000000
733.463474  791.674861
0.000000  0.000000
583.558770  704.674741
605.277581  802.931769
551.291002  712.690223
543.015477  696.395949
523.065617  668.392999
511.669408  658.464481
511.645404  657.546938
518.157161  662.007030
515.145096  667.049053
517.810361  668.025778
520.478670  667.972134
520.240583  671.429994
530.847708  680.517651
530.691743  681.202254
529.984374  682.250702
534.176816  689.976683
538.128878  695.139855
540.833702  702.270933
551.571351  709.815295
563.865370  730.960326
581.981076  741.845226
557.385382  731.201308
647.073374  835.075757
628.702009  811.283474

eventnum=750
743.056091  -408.979117
818.559697  -387.925791
768.490443  -365.019986
760.337107  -368.331061
749.379695  -357.080039
746.808630  -355.359892
746.797761  -355.599635
751.284834  -356.148240
751.884285  -357.576024
749.456152  -355.926782
758.228843  -360.423135
758.691600  -361.583149
759.457875  -362.681104
764.961467  -364.078740
770.277659  -364.814122
771.839383  -367.887844
780.493737  -371.983473
785.792174  -371.175133
790.209971  -379.067702
800.019247  -382.961720
817.224551  -386.535426
841.207185  -409.063690
870.335459  -412.247527
847.659594  -399.050004
942.618822  -442.248009
861.396295  -414.918043
902.979260  -422.909637
1019.536708  -473.264189

eventnum=800
-144.742286  -966.613459
-83.588653  -809.829256
-82.515645  -800.233559
-81.424916  -801.881605
-84.157352  -808.308939
-85.513460  -803.332758
-81.376976  -804.053331
-84.356213  -809.143501
-85.134728  -810.004579
-84.394161  -812.112178
-88.102944  -814.771572
-85.696697  -818.832152
-87.302754  -827.618298
-88.311442  -824.848112
-85.982730  -824.948313
-90.624177  -842.433728
-90.650315  -847.758643
-94.124658  -850.331587
-89.890629  -863.673884
-98.271403  -880.430987
-88.343112  -869.359151
-98.228350  -890.767742
-102.597775  -913.344757
-97.807205  -933.983560
-100.190077  -938.960883
-103.020904  -979.921704
-104.352625  -961.101409
-102.241142  -932.595122

eventnum=850
104.799887  836.827724
98.779034  804.423471
100.901008  817.706161
103.370609  816.994336
107.710371  810.262861
107.375069  815.665125
108.140468  819.257598
109.794351  820.907497
108.961759  823.229691
110.005023  821.851553
112.606568  834.087064
112.466559  832.662058
110.420933  838.805268
112.583651  842.079096
112.473401  854.435037
111.273216  855.377219
113.988658  863.913793
116.323286  870.993695
109.775220  873.494361
116.887386  891.174935
120.439399  907.873442
123.632602  924.408111
120.586812  937.719901
118.043066  915.157547
139.446314  1030.333313
127.887182  931.306825
124.063252  974.527674
120.518592  952.970495

eventnum=900
-352.437678  879.908791
-298.592056  791.502561
-337.461958  788.310426
-319.241737  755.214756
-321.081908  743.888294
-327.344786  747.623859
-325.237245  750.834228
-325.762540  749.335074
-323.274864  751.687861
-326.281786  755.426437
-326.317125  758.507751
-327.384570  760.731134
-329.950417  764.428596
-331.184837  765.782605
-337.921405  777.318371
-341.971773  784.516646
-337.709216  781.916214
-338.199700  795.411492
-345.340680  793.189671
-346.484524  800.732427
-355.361213  823.391523
-354.233450  833.429245
-366.472961  842.478120
-365.100653  869.601405
-396.270505  918.915009
-372.009971  885.226155
-432.945098  955.213257
-450.637613  948.498336

eventnum=50
-791.837894  220.511818
-783.095708  267.901163
-833.282120  297.241175
-815.133673  299.364765
-798.298150  281.772131
-796.051298  276.261267
-786.154076  274.577057
-792.255454  276.742580
-785.520478  268.190187
-789.342131  275.336273
-792.044206  275.528319
-798.918761  276.561772
-806.422580  279.752319
-803.059593  281.858607
-810.224290  283.673842
-813.541422  283.625949
-818.076875  286.571056
-828.375421  286.203611
-834.648161  295.435902
-835.238551  290.809701
-846.367604  295.241478
-855.728421  306.793648
-885.627140  306.010063
-886.090294  309.433867
-952.309850  333.921944
-928.402202  325.824903
-963.256322  346.800297
-1253.318508  410.485676

eventnum=100
0.000000  0.000000
-558.966141  -664.431450
-393.816313  -769.058553
-499.580845  -731.339751
-457.589436  -669.696834
-457.980128  -673.982728
-462.809765  -677.049676
-457.682192  -674.046692
-456.651848  -671.039317
-455.477998  -669.823160
-456.774553  -674.948696
-458.525361  -676.893240
-461.299868  -679.235268
-463.978863  -681.725465
-467.702826  -687.019039
-469.502407  -691.359198
-472.634199  -695.764615
-474.704872  -699.040372
-482.576521  -707.193256
-483.285433  -707.109875
-487.802710  -721.599476
-502.025209  -734.218412
-508.538441  -752.277901
-545.308084  -783.213749
-538.130653  -787.517660
-550.680959  -819.966165
-561.943819  -812.251571
-597.157077  -876.450313

eventnum=150
-771.553029  363.427606
-769.821822  345.865678
-765.522261  345.537263
-749.935430  335.471394
-752.904373  339.459194
-757.410326  344.482990
-758.526048  343.029144
-767.790259  346.102285
-764.987447  346.071356
-765.296035  344.458501
-770.330031  347.276098
-771.829699  347.241065
-777.872318  349.434130
-777.918216  350.983220
-789.167002  356.694530
-787.464236  355.889170
-803.254085  363.867309
-802.280675  360.106638
-803.425203  364.147238
-828.826675  373.948506
-826.701464  374.571505
-823.068499  375.223329
-858.007945  381.870467
-904.079665  400.749669
-916.113079  398.246072
-988.450903  434.247601
-919.055478  424.871780
-1426.192037  706.945689

eventnum=200
0.000000  0.000000
0.000000  0.000000
0.000000  0.000000
-1502.063193  760.080170
0.000000  0.000000
-833.091119  370.873218
-767.915411  351.413720
-739.952732  335.245712
-745.331532  341.994667
-743.135491  345.129774
-740.971069  348.276876
-744.078255  345.972065
-752.785413  345.135619
-751.105252  345.668145
-753.087053  347.084489
-758.395685  349.272106
-761.579133  351.314227
-764.919591  353.414386
-774.776992  357.729553
-775.703178  357.415260
-785.008642  361.229535
-795.040770  367.461571
-790.362210  363.942472
-824.307370  382.735703
-815.640883  374.319651
-876.635229  417.902843
-905.793280  424.777356
-915.593795  419.997099

eventnum=250
0.000000  0.000000
0.000000  0.000000
-981.647665  -996.521114
0.000000  0.000000
-730.794839  -776.386641
0.000000  0.000000
-1015.110915  -1197.275278
-634.762344  -585.801018
-641.632722  -579.895265
-633.418347  -573.448016
-638.707668  -574.206745
-641.179808  -573.351340
-640.549004  -575.300324
-638.980783  -577.468466
-642.040960  -579.133431
-643.537196  -579.565234
-648.122467  -586.478027
-653.912231  -589.617789
-661.925720  -596.970749
-662.119407  -597.326407
-663.369930  -598.759362
-680.689400  -613.246971
-687.814212  -616.769256
-692.869161  -624.394101
-732.612920  -662.595724
-729.681719  -664.024094
-773.650325  -686.821625
-752.463528  -696.466754

eventnum=300
-621.345991  609.769273
-565.894437  558.337656
-571.966994  570.115470
-571.848167  572.373119
-575.070798  571.850650
-576.353331  569.946612
-576.899768  571.896875
-577.083571  572.756328
-582.207342  578.768269
-582.544888  578.352578
-583.599204  581.924671
-585.199130  582.924606
-590.853391  586.806221
-592.900644  589.629134
-595.749340  591.352410
-604.952912  592.500823
-614.904766  609.112508
-615.260223  610.937350
-633.149399  625.430626
-630.328670  627.411261
-645.420013  635.149574
-649.475915  649.414272
-678.103708  673.964393
-721.741705  730.978626
-681.527435  685.177225
-678.905174  664.916998
-655.189202  694.212805
-743.027951  670.124642

eventnum=350
-410.973288  1729.791006
-253.078632  779.482185
-258.783806  798.666787
-264.463478  814.577550
-260.884391  815.144097
-261.009338  818.391012
-259.586528  805.039367
-256.186186  792.737947
-260.506184  803.875639
-259.021682  803.725083
-261.168950  800.470842
-261.017649  801.813090
-260.584303  806.631923
-263.004574  811.858007
-264.059082  811.879231
-266.104638  818.959027
-267.897487  825.714013
-270.118607  834.351287
-269.296139  830.079954
-272.625410  837.924139
-271.992031  842.474592
-276.164325  850.562389
-284.019720  866.748462
-298.742555  910.438967
-287.100745  878.625764
-292.887875  933.377801
-297.590271  954.215404
-329.262416  1030.605509

eventnum=400
989.843676  -79.642595
830.979096  -20.774477
873.172489  -24.629592
850.919968  -10.890311
834.684581  -23.174607
827.647357  -21.230881
829.053866  -22.921204
833.001435  -22.953014
830.828236  -25.498915
833.622316  -23.909221
835.185931  -25.268146
838.747457  -27.207159
842.968408  -25.561924
847.515508  -25.504092
854.626663  -24.936299
864.514509  -27.215456
865.121036  -24.444261
872.882092  -25.482489
876.888639  -27.215376
883.311822  -31.799248
891.959156  -27.165414
912.175430  -35.016913
933.116915  -19.844347
998.793435  -23.701937
975.365824  -22.411648
1061.872785  -27.818235
1027.180505  -37.424656
904.772823  -57.910478

eventnum=450
154.064610  -993.961033
133.888040  -1115.119452
119.413733  -896.339924
101.179947  -818.579432
101.761193  -839.227913
105.607948  -850.845038
102.888839  -844.159139
103.199777  -834.920411
104.829477  -845.196303
100.835531  -832.343672
105.038917  -839.453350
102.313920  -843.158997
103.292162  -848.094948
103.637890  -849.922120
104.214391  -851.188351
106.830846  -859.951544
106.472727  -864.344617
106.181431  -866.352283
111.043323  -870.582496
109.184173  -883.539483
109.429351  -905.334820
108.877736  -906.134743
115.909092  -956.048186
110.762663  -952.330328
118.928030  -924.080464
112.887649  -923.150688
119.425535  -1014.641042
117.616352  -935.087907

eventnum=500
1028.669845  -577.746077
0.000000  0.000000
1141.037588  -654.009349
776.480645  -476.733141
745.982329  -445.304079
728.439809  -436.331096
733.865334  -437.912819
729.463498  -433.463221
729.840741  -434.356833
735.457699  -438.231900
738.348913  -436.102276
742.125432  -442.655448
742.867690  -443.517823
746.288589  -446.727438
755.650920  -449.725121
755.537783  -452.219925
759.302816  -451.436107
763.155116  -456.431207
768.463847  -459.392906
773.866470  -461.881487
787.532410  -468.883479
799.882761  -478.969404
821.307466  -481.142574
850.904723  -509.913296
850.732801  -516.175354
867.629235  -502.917754
892.848028  -559.732104
931.790290  -565.173374

eventnum=550
43.160019  -847.432084
56.340774  -855.592244
65.241252  -822.867938
66.544504  -821.392591
67.852168  -818.960678
68.102073  -821.378089
68.313174  -824.112610
66.786072  -825.074426
69.999388  -832.134404
66.595412  -831.381845
68.686422  -834.186346
70.741862  -834.881935
67.696515  -842.144206
69.557501  -847.577399
70.719922  -850.513655
68.331530  -861.182510
68.475712  -860.732233
70.244018  -868.593656
74.235163  -878.795080
70.525808  -889.345543
69.560030  -905.047511
76.086201  -909.308156
73.027852  -939.354916
76.767382  -954.256340
76.668968  -976.653196
76.127487  -1033.656582
56.218994  -1152.923949
83.564240  -1020.126371

eventnum=600
-394.089988  883.716942
-323.974405  755.508876
-348.521067  748.295233
-358.317522  777.382825
-362.790747  778.009070
-365.259237  764.059696
-355.554207  758.082032
-357.858499  755.305308
-358.184470  756.488428
-355.021094  757.501706
-356.651379  758.225202
-357.798047  763.665928
-356.919417  763.149182
-361.518776  770.428540
-365.587895  773.076303
-365.018500  774.712364
-366.058929  777.663003
-368.224993  786.542000
-369.263438  791.154237
-371.755419  796.021124
-373.989469  796.294618
-388.233219  813.997311
-389.305509  812.967844
-385.686205  828.558638
-408.045247  873.321492
-409.566524  867.870274
-419.387866  890.023327
-390.343561  846.297921

eventnum=650
602.053278  602.053278
764.415177  847.805924
663.253974  708.013479
595.250694  682.903180
592.894919  672.441995
568.235136  628.573388
567.143597  634.124956
570.517851  634.290338
569.263017  637.637679
571.773854  642.197983
573.461705  638.542920
577.069284  642.175217
577.441111  644.291038
579.315415  646.714225
582.685983  647.673600
586.410088  657.954173
590.868024  660.885651
592.709467  664.051390
596.616501  666.446965
605.190738  681.400938
618.400806  690.588909
632.867127  709.225975
643.098209  713.482279
637.479935  707.555124
678.092951  771.758149
668.254627  770.220549
661.191425  742.858959
739.068461  833.022458

eventnum=700
0.000000  0.000000
0.000000  0.000000
733.463474  791.674861
0.000000  0.000000
583.558770  704.674741
605.277581  802.931769
551.291002  712.690223
543.015477  696.395949
523.065617  668.392999
511.669408  658.464481
511.645404  657.546938
518.157161  662.007030
515.145096  667.049053
517.810361  668.025778
520.478670  667.972134
520.240583  671.429994
530.847708  680.517651
530.691743  681.202254
529.984374  682.250702
534.176816  689.976683
538.128878  695.139855
540.833702  702.270933
551.571351  709.815295
563.865370  730.960326
581.981076  741.845226
557.385382  731.201308
647.073374  835.075757
628.702009  811.283474

eventnum=750
743.056091  -408.979117
818.559697  -387.925791
768.490443  -365.019986
760.337107  -368.331061
749.379695  -357.080039
746.808630  -355.359892
746.797761  -355.599635
751.284834  -356.148240
751.884285  -357.576024
749.456152  -355.926782
758.228843  -360.423135
758.691600  -361.583149
759.457875  -362.681104
764.961467  -364.078740
770.277659  -364.814122
771.839383  -367.887844
780.493737  -371.983473
785.792174  -371.175133
790.209971  -379.067702
800.019247  -382.961720
817.224551  -386.535426
841.207185  -409.063690
870.335459  -412.247527
847.659594  -399.050004
942.618822  -442.248009
861.396295  -414.918043
902.979260  -422.909637
1019.536708  -473.264189

eventnum=800
-144.742286  -966.613459
-83.588653  -809.829256
-82.515645  -800.233559
-81.424916  -801.881605
-84.157352  -808.308939
-85.513460  -803.332758
-81.376976  -804.053331
-84.356213  -809.143501
-85.134728  -810.004579
-84.394161  -812.112178
-88.102944  -814.771572
-85.696697  -818.832152
-87.302754  -827.618298
-88.311442  -824.848112
-85.982730  -824.948313
-90.624177  -842.433728
-90.650315  -847.758643
-94.124658  -850.331587
-89.890629  -863.673884
-98.271403  -880.430987
-88.343112  -869.359151
-98.228350  -890.767742
-102.597775  -913.344757
-97.807205  -933.983560
-100.190077  -938.960883
-103.020904  -979.921704
-104.352625  -961.101409
-102.241142  -932.595122

eventnum=850
104.799887  836.827724
98.779034  804.423471
100.901008  817.706161
103.370609  816.994336
107.710371  810.262861
107.375069  815.665125
108.140468  819.257598
109.794351  820.907497
108.961759  823.229691
110.005023  821.851553
112.606568  834.087064
112.466559  832.662058
110.420933  838.805268
112.583651  842.079096
112.473401  854.435037
111.273216  855.377219
113.988658  863.913793
116.323286  870.993695
109.775220  873.494361
116.887386  891.174935
120.439399  907.873442
123.632602  924.408111
120.586812  937.719901
118.043066  915.157547
139.446314  1030.333313
127.887182  931.306825
124.063252  974.527674
120.518592  952.970495

eventnum=900
-352.437678  879.908791
-298.592056  791.502561
-337.461958  788.310426
-319.241737  755.214756
-321.081908  743.888294
-327.344786  747.623859
-325.237245  750.834228
-325.762540  749.335074
-323.274864  751.687861
-326.281786  755.426437
-326.317125  758.507751
-327.384570  760.731134
-329.950417  764.428596
-331.184837  765.782605
-337.921405  777.318371
-341.971773  784.516646
-337.709216  781.916214
-338.199700  795.411492
-345.340680  793.189671
-346.484524  800.732427
-355.361213  823.391523
-354.233450  833.429245
-366.472961  842.478120
-365.100653  869.601405
-396.270505  918.915009
-372.009971  885.226155
-432.945098  955.213257
-450.637613  948.498336
