evt        et        eta        eta(p)     eta(f)    tanphi(p)     tanphi(f)
0   3.000000   1.600000   1.600000   1.592810   -1.424752   -1.424752
100   3.000000   1.600000   1.600000   1.589136   -0.803269   -0.803269
200   3.000000   1.600000   1.600000   1.606244   -1.063222   -1.063222
300   3.000000   1.600000   1.600000   1.607794   -0.354502   -0.354502
400   3.000000   1.600000   1.599588   1.603490   1.252880   1.251917
500   3.000000   1.600000   1.600000   1.617513   -1.867324   -1.867324
600   3.000000   1.600000   1.600000   1.621011   -2.976290   -2.976290
700   3.000000   1.600000   1.600000   1.600876   -3.624435   -3.624435
800   3.000000   1.600000   1.600000   1.611918   -1.853483   -1.853483
900   3.000000   1.600000   1.600000   1.589341   0.361513   0.361513
0   5.000000   1.600000   1.600000   1.604351   -0.999907   -0.999907
100   5.000000   1.600000   1.600000   1.606466   -0.711448   -0.711448
200   5.000000   1.600000   1.600000   1.584277   -9.933814   -9.933814
300   5.000000   1.600000   1.600000   1.593247   12.970082   12.970082
400   5.000000   1.600000   1.600000   1.605309   -1.414933   -1.414933
500   5.000000   1.600000   1.600000   1.604666   16.245204   16.245204
600   5.000000   1.600000   1.600000   1.594926   -1.084347   -1.084347
700   5.000000   1.600000   1.600000   1.604713   0.439963   0.439963
800   5.000000   1.600000   1.600000   1.592067   -10.948668   -10.948668
900   5.000000   1.600000   1.600000   1.601626   -0.631921   -0.631921
0   7.000000   1.600000   1.600000   1.598485   -2.910014   -2.910014
100   7.000000   1.600000   1.600000   1.603652   0.795282   0.795282
200   7.000000   1.600000   1.600000   1.598520   -1.503224   -1.503224
300   7.000000   1.600000   1.600000   1.614377   -0.606071   -0.606071
400   7.000000   1.600000   1.600000   1.590143   -1.632309   -1.632309
500   7.000000   1.600000   1.600000   1.595532   6.935710   6.935710
600   7.000000   1.600000   1.600000   1.580553   1.068913   1.068913
700   7.000000   1.600000   1.599976   1.601600   1.483170   1.483377
800   7.000000   1.600000   1.600000   1.600107   -0.454706   -0.454706
900   7.000000   1.600000   1.600000   1.594332   -39.499588   -39.499588
0   10.000000   1.600000   1.600000   1.577708   -2.703261   -2.703261
100   10.000000   1.600000   1.600000   1.578051   -0.145589   -0.145589
200   10.000000   1.600000   1.600000   1.606863   3.097038   3.097038
300   10.000000   1.600000   1.600000   1.602813   1.306558   1.306558
400   10.000000   1.600000   1.600000   1.585940   -0.331099   -0.331099
500   10.000000   1.600000   1.600000   1.589658   0.528346   0.528346
600   10.000000   1.600000   1.600000   1.626776   -1.765098   -1.765098
700   10.000000   1.600000   1.600000   1.604362   -142.303999   -142.303999
800   10.000000   1.600000   1.600000   1.612211   -30.544909   -30.544909
900   10.000000   1.600000   1.600000   1.624093   -1.900260   -1.900260
0   30.000000   1.600000   1.600000   1.614609   1.895165   1.895165
100   30.000000   1.600000   1.600000   1.597082   1.479324   1.479324
200   30.000000   1.600000   1.600000   1.604346   0.090045   0.090045
300   30.000000   1.600000   1.600000   1.597833   -0.476114   -0.476114
400   30.000000   1.600000   1.600000   1.561639   -0.187013   -0.187013
500   30.000000   1.600000   1.600000   1.607011   0.754138   0.754138
600   30.000000   1.600000   1.600000   1.588601   -6.945150   -6.945150
700   30.000000   1.600000   1.600000   1.608600   -1.098993   -1.098993
800   30.000000   1.600000   1.600000   1.599663   2.359528   2.359528
900   30.000000   1.600000   1.600000   1.598933   -0.439967   -0.439967
0   50.000000   1.600000   1.600000   1.620077   2.366443   2.366443
100   50.000000   1.600000   1.600000   1.607798   0.045677   0.045677
200   50.000000   1.600000   1.600000   1.576714   0.327795   0.327795
300   50.000000   1.600000   1.600000   1.625852   0.675062   0.675062
400   50.000000   1.600000   1.600000   1.610449   -2.680800   -2.680800
500   50.000000   1.600000   1.600000   1.595539   0.854016   0.854016
600   50.000000   1.600000   1.600000   1.607846   -1.736574   -1.736574
700   50.000000   1.600000   1.600000   1.615615   1.302252   1.302252
800   50.000000   1.600000   1.600000   1.608632   0.369861   0.369861
900   50.000000   1.600000   1.600000   1.590573   0.073296   0.073296
0   70.000000   1.600000   1.600000   1.616858   1.374769   1.374769
100   70.000000   1.600000   1.600000   1.611986   0.347175   0.347175
200   70.000000   1.600000   1.600000   1.578608   0.764984   0.764984
300   70.000000   1.600000   1.600000   1.575749   -1.045806   -1.045806
400   70.000000   1.600000   1.600000   1.605089   0.469979   0.469979
500   70.000000   1.600000   1.600000   1.603716   1.536070   1.536070
600   70.000000   1.600000   1.600000   1.615216   -0.898678   -0.898678
700   70.000000   1.600000   1.600000   1.595385   30.946696   30.946696
800   70.000000   1.600000   1.600000   1.597055   2.916912   2.916912
900   70.000000   1.600000   1.600000   1.597502   0.793853   0.793853
0   100.000000   1.600000   1.600000   1.597349   -0.351356   -0.351356
100   100.000000   1.600000   1.600000   1.571220   0.268505   0.268505
200   100.000000   1.600000   1.600000   1.587782   -0.126471   -0.126471
300   100.000000   1.600000   1.600000   1.594253   10.838525   10.838525
400   100.000000   1.600000   1.600000   1.601409   0.311717   0.311717
500   100.000000   1.600000   1.600000   1.587098   -0.451425   -0.451425
600   100.000000   1.600000   1.600000   1.588638   1.383682   1.383682
700   100.000000   1.600000   1.600000   1.618883   0.032259   0.032259
800   100.000000   1.600000   1.600000   1.613471   -4.598281   -4.598281
900   100.000000   1.600000   1.600000   1.584960   -4.842904   -4.842904
0   3.000000   2.100000   2.100000   2.110076   0.642987   0.642987
100   3.000000   2.100000   2.100000   2.132774   -0.559940   -0.559940
200   3.000000   2.100000   2.100000   2.099063   0.650189   0.650189
300   3.000000   2.100000   2.100000   2.092788   15.918570   15.918570
400   3.000000   2.100000   2.100000   2.102393   3.507576   3.507576
500   3.000000   2.100000   2.100000   2.093701   -0.714626   -0.714626
600   3.000000   2.100000   2.100000   2.122429   -0.909314   -0.909314
700   3.000000   2.100000   2.100000   2.114325   -1.393175   -1.393175
800   3.000000   2.100000   2.100000   2.102618   0.036464   0.036464
900   3.000000   2.100000   2.102430   2.105773   0.708285   0.708097
0   5.000000   2.100000   2.100000   2.086487   2.984677   2.984677
100   5.000000   2.100000   2.100000   2.094306   -0.323663   -0.323663
200   5.000000   2.100000   2.100000   2.096425   -0.215783   -0.215783
300   5.000000   2.100000   2.100000   2.089132   0.234248   0.234248
400   5.000000   2.100000   2.100000   2.100334   -8.033489   -8.033489
500   5.000000   2.100000   2.100000   2.104375   -0.820534   -0.820534
600   5.000000   2.100000   2.100000   2.106228   -54.017426   -54.017426
700   5.000000   2.100000   2.100000   2.086579   0.091072   0.091072
800   5.000000   2.100000   2.100000   2.111876   2.420193   2.420193
900   5.000000   2.100000   2.100000   2.107987   -2.080028   -2.080028
0   7.000000   2.100000   2.100000   2.126250   -0.119978   -0.119978
100   7.000000   2.100000   2.100000   2.124848   0.059218   0.059218
200   7.000000   2.100000   2.100000   2.119261   18.095436   18.095436
300   7.000000   2.100000   2.100000   2.084982   -0.661259   -0.661259
400   7.000000   2.100000   2.100000   2.095913   -0.086994   -0.086994
500   7.000000   2.100000   2.100000   2.094616   -0.166751   -0.166751
600   7.000000   2.100000   2.100000   2.055003   1.441964   1.441964
700   7.000000   2.100000   2.100000   2.088482   2.413620   2.413620
800   7.000000   2.100000   2.100000   2.116403   -1.005608   -1.005608
900   7.000000   2.100000   2.100000   2.087376   -0.330569   -0.330569
0   10.000000   2.100000   2.100000   2.071084   16.358811   16.358811
100   10.000000   2.100000   2.100000   2.090368   1.566625   1.566625
200   10.000000   2.100000   2.100000   2.069685   -1.651193   -1.651193
300   10.000000   2.100000   2.100000   2.086315   -0.186578   -0.186578
400   10.000000   2.100000   2.100000   2.098977   0.540366   0.540366
500   10.000000   2.100000   2.100000   2.095679   -0.811887   -0.811887
600   10.000000   2.100000   2.100000   2.083341   14.877903   14.877903
700   10.000000   2.100000   2.100000   2.085294   -0.430419   -0.430419
800   10.000000   2.100000   2.100000   2.094405   -5.883710   -5.883710
900   10.000000   2.100000   2.100000   2.099823   -20.212749   -20.212749
0   30.000000   2.100000   2.100000   2.077069   -0.813141   -0.813141
100   30.000000   2.100000   2.100000   2.105291   1.444538   1.444538
200   30.000000   2.100000   2.100000   2.119269   1.219603   1.219603
300   30.000000   2.100000   2.100000   2.124064   0.811351   0.811351
400   30.000000   2.100000   2.100000   2.086640   -1.743680   -1.743680
500   30.000000   2.100000   2.100000   2.106038   18.341935   18.341935
600   30.000000   2.100000   2.100000   2.102256   0.079127   0.079127
700   30.000000   2.100000   2.100000   2.079352   1.470235   1.470235
800   30.000000   2.100000   2.100000   2.112658   4.153784   4.153784
900   30.000000   2.100000   2.100000   2.083085   10.637245   10.637245
0   50.000000   2.100000   2.100000   2.105583   -1.965995   -1.965995
100   50.000000   2.100000   2.100000   2.126872   1.470976   1.470976
200   50.000000   2.100000   2.100000   2.124688   -0.460868   -0.460868
300   50.000000   2.100000   2.100000   2.117936   -0.992935   -0.992935
400   50.000000   2.100000   2.100000   2.099146   -0.030025   -0.030025
500   50.000000   2.100000   2.100000   2.072890   -0.595529   -0.595529
600   50.000000   2.100000   2.100000   2.096970   -2.128191   -2.128191
700   50.000000   2.100000   2.100000   2.100791   1.289788   1.289788
800   50.000000   2.100000   2.100000   2.120887   9.437478   9.437478
900   50.000000   2.100000   2.100000   2.116846   -2.315675   -2.315675
0   70.000000   2.100000   2.100000   2.069024   -0.237381   -0.237381
100   70.000000   2.100000   2.100000   2.083643   4.919562   4.919562
200   70.000000   2.100000   2.100000   2.090341   -0.900547   -0.900547
300   70.000000   2.100000   2.100000   2.110428   0.100545   0.100545
400   70.000000   2.100000   2.100000   2.094567   -0.506322   -0.506322
500   70.000000   2.100000   2.100000   2.071282   0.409647   0.409647
600   70.000000   2.100000   2.100000   2.107803   0.101415   0.101415
700   70.000000   2.100000   2.100000   2.084152   16.893127   16.893127
800   70.000000   2.100000   2.100000   2.084081   -0.135763   -0.135763
900   70.000000   2.100000   2.100000   2.126047   -1.624224   -1.624224
0   100.000000   2.100000   2.100000   2.089553   -0.130885   -0.130885
100   100.000000   2.100000   2.100000   2.088935   -1.410959   -1.410959
200   100.000000   2.100000   2.100000   2.092118   -2.795745   -2.795745
300   100.000000   2.100000   2.100000   2.113077   -0.477337   -0.477337
400   100.000000   2.100000   2.100000   2.094631   0.654566   0.654566
500   100.000000   2.100000   2.100000   2.091494   -1.700906   -1.700906
600   100.000000   2.100000   2.100000   2.092266   1.670658   1.670658
700   100.000000   2.100000   2.100000   2.149454   -7.364874   -7.364874
800   100.000000   2.100000   2.100000   2.087869   -0.438106   -0.438106
900   100.000000   2.100000   2.100000   2.086317   2.791507   2.791507
0   3.000000   2.500000   2.500000   2.496454   0.030376   0.030376
100   3.000000   2.500000   2.500000   2.477931   -0.352803   -0.352803
200   3.000000   2.500000   2.500000   2.490867   8.723205   8.723205
300   3.000000   2.500000   2.500000   2.508548   -1.203407   -1.203407
400   3.000000   2.500000   2.500000   2.502480   0.558935   0.558935
500   3.000000   2.500000   2.500000   2.476885   -0.219545   -0.219545
600   3.000000   2.500000   2.500000   2.502516   -0.012471   -0.012471
700   3.000000   2.500000   2.500000   2.516089   -1.334164   -1.334164
800   3.000000   2.500000   2.500000   2.479137   -2.747178   -2.747178
900   3.000000   2.500000   2.500000   2.464994   -1.512927   -1.512927
0   5.000000   2.500000   2.500000   2.500561   -0.443844   -0.443844
100   5.000000   2.500000   2.500000   2.519816   -0.025425   -0.025425
200   5.000000   2.500000   2.500000   2.493807   1.972466   1.972466
300   5.000000   2.500000   2.500000   2.520014   -0.092494   -0.092494
400   5.000000   2.500000   2.500000   2.470598   -0.221509   -0.221509
500   5.000000   2.500000   2.500000   2.491987   -0.395968   -0.395968
600   5.000000   2.500000   2.500000   2.493993   0.665710   0.665710
700   5.000000   2.500000   2.500000   2.500364   0.615886   0.615886
800   5.000000   2.500000   2.500000   2.501947   -0.472125   -0.472125
900   5.000000   2.500000   2.500000   2.509376   0.105852   0.105852
0   7.000000   2.500000   2.500000   2.506969   -0.445500   -0.445500
100   7.000000   2.500000   2.500000   2.484160   3.099041   3.099041
200   7.000000   2.500000   2.500000   2.517783   0.144929   0.144929
300   7.000000   2.500000   2.500000   2.505393   -0.351685   -0.351685
400   7.000000   2.500000   2.500000   2.477185   0.228537   0.228537
500   7.000000   2.500000   2.500000   2.485402   0.357340   0.357340
600   7.000000   2.500000   2.500000   2.479373   -0.204724   -0.204724
700   7.000000   2.500000   2.500000   2.500228   -0.526367   -0.526367
800   7.000000   2.500000   2.500000   2.490695   0.302256   0.302256
900   7.000000   2.500000   2.500000   2.491185   3.183965   3.183965
0   10.000000   2.500000   2.500000   2.487770   -1.914400   -1.914400
100   10.000000   2.500000   2.500000   2.478565   0.099048   0.099048
200   10.000000   2.500000   2.500000   2.514001   -0.989066   -0.989066
300   10.000000   2.500000   2.500000   2.518326   0.853277   0.853277
400   10.000000   2.500000   2.500000   2.497998   9.341275   9.341275
500   10.000000   2.500000   2.500000   2.492463   0.160035   0.160035
600   10.000000   2.500000   2.500000   2.502109   1.490091   1.490091
700   10.000000   2.500000   2.500000   2.497484   2.092509   2.092509
800   10.000000   2.500000   2.500000   2.518852   -1.039366   -1.039366
900   10.000000   2.500000   2.500000   2.514930   8.403401   8.403401
0   30.000000   2.500000   2.500000   2.510303   1.787072   1.787072
100   30.000000   2.500000   2.500000   2.490884   0.115800   0.115800
200   30.000000   2.500000   2.500000   2.500228   -29.718358   -29.718358
300   30.000000   2.500000   2.500000   2.513989   -2.021781   -2.021781
400   30.000000   2.500000   2.500000   2.494893   -1.811557   -1.811557
500   30.000000   2.500000   2.500000   2.490531   -10.877900   -10.877900
600   30.000000   2.500000   2.500000   2.509145   -0.783837   -0.783837
700   30.000000   2.500000   2.500000   2.480135   -0.405510   -0.405510
800   30.000000   2.500000   2.500000   2.503558   -2.173903   -2.173903
900   30.000000   2.500000   2.500000   2.516797   -2.242834   -2.242834
0   50.000000   2.500000   2.500000   2.486180   -0.566113   -0.566113
100   50.000000   2.500000   2.500000   2.498517   2.120587   2.120587
200   50.000000   2.500000   2.500000   2.522957   1.048022   1.048022
300   50.000000   2.500000   2.500000   2.517066   -7.403035   -7.403035
400   50.000000   2.500000   2.500000   2.484720   0.386853   0.386853
500   50.000000   2.500000   2.500000   2.492951   -1.500889   -1.500889
600   50.000000   2.500000   2.500000   2.502029   9.607197   9.607197
700   50.000000   2.500000   2.500000   2.505999   0.893262   0.893262
800   50.000000   2.500000   2.500000   2.473929   -1.606853   -1.606853
900   50.000000   2.500000   2.500000   2.529507   -0.778571   -0.778571
0   70.000000   2.500000   2.500000   2.504298   1.389395   1.389395
100   70.000000   2.500000   2.500000   2.490141   4.896734   4.896734
200   70.000000   2.500000   2.500000   2.495652   5.177117   5.177117
300   70.000000   2.500000   2.500000   2.492064   0.194743   0.194743
400   70.000000   2.500000   2.500000   2.496608   -31.879995   -31.879995
500   70.000000   2.500000   2.500000   2.509097   -3.932978   -3.932978
600   70.000000   2.500000   2.500000   2.500855   -1.970260   -1.970260
700   70.000000   2.500000   2.500000   2.494085   0.186175   0.186175
800   70.000000   2.500000   2.500000   2.499468   2.440333   2.440333
900   70.000000   2.500000   2.500000   2.517419   1.049747   1.049747
0   100.000000   2.500000   2.500000   2.492098   0.146303   0.146303
100   100.000000   2.500000   2.500000   2.458186   0.616324   0.616324
200   100.000000   2.500000   2.500000   2.481749   -0.165337   -0.165337
300   100.000000   2.500000   2.500000   2.480804   -4.972507   -4.972507
400   100.000000   2.500000   2.500000   2.509844   -2.770791   -2.770791
500   100.000000   2.500000   2.500000   2.482605   0.183070   0.183070
600   100.000000   2.500000   2.500000   2.479951   1.361511   1.361511
700   100.000000   2.500000   2.500000   2.512839   1.828375   1.828375
800   100.000000   2.500000   2.500000   2.499723   -0.074296   -0.074296
900   100.000000   2.500000   2.500000   2.501816   22.180476   22.180476
