0  0.015200  0.000376
1  0.015318  0.000379
2  0.015413  0.000384
3  0.016216  0.000434
4  0.016435  0.000444
5  0.018973  0.000427
6  0.018216  0.000409
7  0.023743  0.000479
8  0.020202  0.000419
9  0.027686  0.000606
10  0.024252  0.000592
11  0.027223  0.000767
12  0.019895  0.000546
13  0.021012  0.000558
14  0.017677  0.000481
15  0.020939  0.000497
16  0.018956  0.000492
17  0.024179  0.000621
18  0.020309  0.000533
19  0.023571  0.000709
20  0.021376  0.000645
21  0.021688  0.000660
22  0.017974  0.000550
23  0.018210  0.000566
24  0.017018  0.000493
25  0.016888  0.000477
26  0.016302  0.000411
27  0.016247  0.000416
