0  0.059525  0.001674
1  0.058563  0.001569
2  0.059670  0.001642
3  0.063411  0.001738
4  0.063337  0.001763
5  0.068185  0.001874
6  0.065647  0.001768
7  0.071694  0.002080
8  0.064605  0.001795
9  0.067265  0.001893
10  0.066320  0.001765
11  0.067838  0.001859
12  0.065514  0.001768
13  0.067401  0.001929
14  0.063611  0.001769
15  0.064830  0.001696
16  0.062329  0.001725
17  0.063650  0.001778
18  0.062015  0.001723
19  0.061107  0.001668
20  0.060435  0.001659
21  0.061672  0.001769
22  0.060520  0.001658
23  0.058474  0.001554
24  0.060067  0.001693
25  0.059973  0.001641
26  0.059899  0.001670
27  0.060541  0.001684
