0  0.019919  0.000457
1  0.019869  0.000466
2  0.019728  0.000469
3  0.020766  0.000494
4  0.020933  0.000505
5  0.024132  0.000574
6  0.023049  0.000536
7  0.030143  0.000678
8  0.025665  0.000635
9  0.031897  0.000840
10  0.028707  0.000878
11  0.029805  0.000867
12  0.024257  0.000624
13  0.025838  0.000670
14  0.022508  0.000552
15  0.025949  0.000625
16  0.023541  0.000552
17  0.026927  0.000690
18  0.023343  0.000606
19  0.025666  0.000664
20  0.024354  0.000602
21  0.025090  0.000712
22  0.021289  0.000472
23  0.021298  0.000538
24  0.020185  0.000500
25  0.020338  0.000491
26  0.020108  0.000480
27  0.019947  0.000466
